(kicad_pcb (version 20171130) (host pcbnew 5.1.4-e60b266~84~ubuntu18.04.1)

  (general
    (thickness 1.6)
    (drawings 356)
    (tracks 5580)
    (zones 0)
    (modules 552)
    (nets 138)
  )

  (page A2)
  (layers
    (0 F.Cu signal)
    (31 B.Cu signal)
    (32 B.Adhes user)
    (33 F.Adhes user)
    (34 B.Paste user)
    (35 F.Paste user)
    (36 B.SilkS user)
    (37 F.SilkS user)
    (38 B.Mask user)
    (39 F.Mask user)
    (40 Dwgs.User user)
    (41 Cmts.User user)
    (42 Eco1.User user)
    (43 Eco2.User user)
    (44 Edge.Cuts user)
    (45 Margin user)
    (46 B.CrtYd user)
    (47 F.CrtYd user)
    (48 B.Fab user)
    (49 F.Fab user)
  )

  (setup
    (last_trace_width 0.1778)
    (user_trace_width 0.2032)
    (user_trace_width 0.254)
    (user_trace_width 0.3048)
    (user_trace_width 0.4064)
    (user_trace_width 0.6096)
    (user_trace_width 0.7874)
    (trace_clearance 0.1524)
    (zone_clearance 0.508)
    (zone_45_only no)
    (trace_min 0.127)
    (via_size 0.6096)
    (via_drill 0.4)
    (via_min_size 0.45)
    (via_min_drill 0.199898)
    (user_via 0.6096 0.3)
    (uvia_size 0.3)
    (uvia_drill 0.1)
    (uvias_allowed no)
    (uvia_min_size 0.2)
    (uvia_min_drill 0.1)
    (edge_width 0.05)
    (segment_width 0.2)
    (pcb_text_width 0.3)
    (pcb_text_size 1.5 1.5)
    (mod_edge_width 0.12)
    (mod_text_size 0.83 1)
    (mod_text_width 0.15)
    (pad_size 1.425 2.65)
    (pad_drill 0)
    (pad_to_mask_clearance 0.051)
    (solder_mask_min_width 0.25)
    (aux_axis_origin 44.45 173.99)
    (visible_elements FFFFFF7F)
    (pcbplotparams
      (layerselection 0x010fc_ffffffff)
      (usegerberextensions false)
      (usegerberattributes false)
      (usegerberadvancedattributes false)
      (creategerberjobfile false)
      (excludeedgelayer true)
      (linewidth 0.100000)
      (plotframeref false)
      (viasonmask false)
      (mode 1)
      (useauxorigin false)
      (hpglpennumber 1)
      (hpglpenspeed 20)
      (hpglpendiameter 15.000000)
      (psnegative false)
      (psa4output false)
      (plotreference true)
      (plotvalue true)
      (plotinvisibletext false)
      (padsonsilk false)
      (subtractmaskfromsilk false)
      (outputformat 1)
      (mirror false)
      (drillshape 1)
      (scaleselection 1)
      (outputdirectory ""))
  )

  (net 0 "")
  (net 1 GND)
  (net 2 +5V)
  (net 3 /POWER)
  (net 4 /SWD3)
  (net 5 /SWD2)
  (net 6 /SWD1)
  (net 7 /SWD0)
  (net 8 /SWA3)
  (net 9 /SWA2)
  (net 10 /SWA1)
  (net 11 /SWA0)
  (net 12 /~LTSON)
  (net 13 /~SW0)
  (net 14 /~SW1)
  (net 15 /~SW2)
  (net 16 /~SW3)
  (net 17 /~SW4)
  (net 18 /~SW5)
  (net 19 /~SW6)
  (net 20 /~SW7)
  (net 21 "Net-(LED1-Pad2)")
  (net 22 "Net-(LED2-Pad2)")
  (net 23 "Net-(LED3-Pad2)")
  (net 24 "Net-(LED4-Pad2)")
  (net 25 "Net-(LED5-Pad2)")
  (net 26 "Net-(LED6-Pad2)")
  (net 27 "Net-(LED7-Pad2)")
  (net 28 "Net-(LED8-Pad2)")
  (net 29 "Net-(LED9-Pad2)")
  (net 30 "Net-(LED10-Pad2)")
  (net 31 "Net-(LED11-Pad2)")
  (net 32 "Net-(LED12-Pad2)")
  (net 33 "Net-(LED13-Pad2)")
  (net 34 "Net-(LED14-Pad2)")
  (net 35 "Net-(LED15-Pad2)")
  (net 36 "Net-(LED16-Pad2)")
  (net 37 "Net-(LED17-Pad2)")
  (net 38 "Net-(LED18-Pad2)")
  (net 39 "Net-(LED19-Pad2)")
  (net 40 "Net-(LED20-Pad2)")
  (net 41 "Net-(LED21-Pad2)")
  (net 42 "Net-(LED22-Pad2)")
  (net 43 "Net-(LED23-Pad2)")
  (net 44 "Net-(LED24-Pad2)")
  (net 45 "Net-(LED25-Pad2)")
  (net 46 "Net-(LED26-Pad2)")
  (net 47 "Net-(LED27-Pad2)")
  (net 48 "Net-(LED28-Pad2)")
  (net 49 "Net-(LED29-Pad2)")
  (net 50 "Net-(LED30-Pad2)")
  (net 51 "Net-(LED31-Pad2)")
  (net 52 "Net-(LED32-Pad2)")
  (net 53 "Net-(LED33-Pad2)")
  (net 54 "Net-(LED34-Pad2)")
  (net 55 "Net-(LED35-Pad2)")
  (net 56 "Net-(LED36-Pad2)")
  (net 57 "Net-(LED37-Pad2)")
  (net 58 "Net-(LED38-Pad2)")
  (net 59 "Net-(LED39-Pad2)")
  (net 60 "Net-(LED40-Pad2)")
  (net 61 "Net-(R1-Pad1)")
  (net 62 "Net-(R2-Pad1)")
  (net 63 "Net-(R3-Pad1)")
  (net 64 "Net-(R4-Pad1)")
  (net 65 "Net-(R5-Pad1)")
  (net 66 "Net-(R6-Pad1)")
  (net 67 "Net-(R7-Pad1)")
  (net 68 "Net-(R8-Pad1)")
  (net 69 "Net-(R9-Pad1)")
  (net 70 "Net-(R10-Pad1)")
  (net 71 "Net-(R11-Pad1)")
  (net 72 "Net-(R12-Pad1)")
  (net 73 "Net-(R13-Pad1)")
  (net 74 "Net-(R14-Pad1)")
  (net 75 "Net-(R15-Pad1)")
  (net 76 "Net-(R16-Pad1)")
  (net 77 "Net-(R17-Pad1)")
  (net 78 "Net-(R18-Pad1)")
  (net 79 "Net-(R19-Pad1)")
  (net 80 "Net-(R20-Pad1)")
  (net 81 "Net-(R21-Pad1)")
  (net 82 "Net-(R22-Pad1)")
  (net 83 "Net-(R23-Pad1)")
  (net 84 "Net-(R24-Pad1)")
  (net 85 "Net-(R25-Pad1)")
  (net 86 "Net-(R26-Pad1)")
  (net 87 "Net-(R27-Pad1)")
  (net 88 "Net-(R28-Pad1)")
  (net 89 "Net-(R29-Pad1)")
  (net 90 "Net-(R30-Pad1)")
  (net 91 "Net-(R31-Pad1)")
  (net 92 "Net-(R32-Pad1)")
  (net 93 "Net-(R33-Pad1)")
  (net 94 "Net-(R34-Pad1)")
  (net 95 "Net-(R35-Pad1)")
  (net 96 "Net-(R36-Pad1)")
  (net 97 "Net-(R37-Pad1)")
  (net 98 "Net-(R38-Pad1)")
  (net 99 "Net-(R39-Pad1)")
  (net 100 "Net-(R40-Pad1)")
  (net 101 /FPA0)
  (net 102 /FPA1)
  (net 103 /FPD0)
  (net 104 /FPD1)
  (net 105 /FPD2)
  (net 106 /FPD3)
  (net 107 /FPD4)
  (net 108 /FPD5)
  (net 109 /~LMEN0)
  (net 110 /~LMEN)
  (net 111 /~LMEN1)
  (net 112 /~LMEN2)
  (net 113 /~LMEN3)
  (net 114 /SWSEL)
  (net 115 /~SWSEL)
  (net 116 "Net-(U1-Pad11)")
  (net 117 "Net-(U1-Pad10)")
  (net 118 "Net-(U1-Pad9)")
  (net 119 "Net-(U1-Pad7)")
  (net 120 /FPD7)
  (net 121 /FPD6)
  (net 122 "Net-(CON2-Pad27)")
  (net 123 /~ROW5)
  (net 124 /~ROW4)
  (net 125 /~ROW3)
  (net 126 /~ROW2)
  (net 127 /~ROW1)
  (net 128 "Net-(JP7-Pad2)")
  (net 129 "Net-(JP8-Pad2)")
  (net 130 "Net-(JP9-Pad2)")
  (net 131 "Net-(JP10-Pad2)")
  (net 132 "Net-(JP11-Pad2)")
  (net 133 "Net-(U3-Pad4)")
  (net 134 "Net-(U5-Pad4)")
  (net 135 "Net-(U7-Pad4)")
  (net 136 "Net-(U10-Pad11)")
  (net 137 "Net-(U11-Pad4)")

  (net_class Default "This is the default net class."
    (clearance 0.1524)
    (trace_width 0.1778)
    (via_dia 0.6096)
    (via_drill 0.4)
    (uvia_dia 0.3)
    (uvia_drill 0.1)
    (add_net +5V)
    (add_net /FPA0)
    (add_net /FPA1)
    (add_net /FPD0)
    (add_net /FPD1)
    (add_net /FPD2)
    (add_net /FPD3)
    (add_net /FPD4)
    (add_net /FPD5)
    (add_net /FPD6)
    (add_net /FPD7)
    (add_net /POWER)
    (add_net /SWA0)
    (add_net /SWA1)
    (add_net /SWA2)
    (add_net /SWA3)
    (add_net /SWD0)
    (add_net /SWD1)
    (add_net /SWD2)
    (add_net /SWD3)
    (add_net /SWSEL)
    (add_net /~LMEN)
    (add_net /~LMEN0)
    (add_net /~LMEN1)
    (add_net /~LMEN2)
    (add_net /~LMEN3)
    (add_net /~LTSON)
    (add_net /~ROW1)
    (add_net /~ROW2)
    (add_net /~ROW3)
    (add_net /~ROW4)
    (add_net /~ROW5)
    (add_net /~SW0)
    (add_net /~SW1)
    (add_net /~SW2)
    (add_net /~SW3)
    (add_net /~SW4)
    (add_net /~SW5)
    (add_net /~SW6)
    (add_net /~SW7)
    (add_net /~SWSEL)
    (add_net GND)
    (add_net "Net-(CON2-Pad27)")
    (add_net "Net-(JP10-Pad2)")
    (add_net "Net-(JP11-Pad2)")
    (add_net "Net-(JP7-Pad2)")
    (add_net "Net-(JP8-Pad2)")
    (add_net "Net-(JP9-Pad2)")
    (add_net "Net-(LED1-Pad2)")
    (add_net "Net-(LED10-Pad2)")
    (add_net "Net-(LED11-Pad2)")
    (add_net "Net-(LED12-Pad2)")
    (add_net "Net-(LED13-Pad2)")
    (add_net "Net-(LED14-Pad2)")
    (add_net "Net-(LED15-Pad2)")
    (add_net "Net-(LED16-Pad2)")
    (add_net "Net-(LED17-Pad2)")
    (add_net "Net-(LED18-Pad2)")
    (add_net "Net-(LED19-Pad2)")
    (add_net "Net-(LED2-Pad2)")
    (add_net "Net-(LED20-Pad2)")
    (add_net "Net-(LED21-Pad2)")
    (add_net "Net-(LED22-Pad2)")
    (add_net "Net-(LED23-Pad2)")
    (add_net "Net-(LED24-Pad2)")
    (add_net "Net-(LED25-Pad2)")
    (add_net "Net-(LED26-Pad2)")
    (add_net "Net-(LED27-Pad2)")
    (add_net "Net-(LED28-Pad2)")
    (add_net "Net-(LED29-Pad2)")
    (add_net "Net-(LED3-Pad2)")
    (add_net "Net-(LED30-Pad2)")
    (add_net "Net-(LED31-Pad2)")
    (add_net "Net-(LED32-Pad2)")
    (add_net "Net-(LED33-Pad2)")
    (add_net "Net-(LED34-Pad2)")
    (add_net "Net-(LED35-Pad2)")
    (add_net "Net-(LED36-Pad2)")
    (add_net "Net-(LED37-Pad2)")
    (add_net "Net-(LED38-Pad2)")
    (add_net "Net-(LED39-Pad2)")
    (add_net "Net-(LED4-Pad2)")
    (add_net "Net-(LED40-Pad2)")
    (add_net "Net-(LED5-Pad2)")
    (add_net "Net-(LED6-Pad2)")
    (add_net "Net-(LED7-Pad2)")
    (add_net "Net-(LED8-Pad2)")
    (add_net "Net-(LED9-Pad2)")
    (add_net "Net-(R1-Pad1)")
    (add_net "Net-(R10-Pad1)")
    (add_net "Net-(R11-Pad1)")
    (add_net "Net-(R12-Pad1)")
    (add_net "Net-(R13-Pad1)")
    (add_net "Net-(R14-Pad1)")
    (add_net "Net-(R15-Pad1)")
    (add_net "Net-(R16-Pad1)")
    (add_net "Net-(R17-Pad1)")
    (add_net "Net-(R18-Pad1)")
    (add_net "Net-(R19-Pad1)")
    (add_net "Net-(R2-Pad1)")
    (add_net "Net-(R20-Pad1)")
    (add_net "Net-(R21-Pad1)")
    (add_net "Net-(R22-Pad1)")
    (add_net "Net-(R23-Pad1)")
    (add_net "Net-(R24-Pad1)")
    (add_net "Net-(R25-Pad1)")
    (add_net "Net-(R26-Pad1)")
    (add_net "Net-(R27-Pad1)")
    (add_net "Net-(R28-Pad1)")
    (add_net "Net-(R29-Pad1)")
    (add_net "Net-(R3-Pad1)")
    (add_net "Net-(R30-Pad1)")
    (add_net "Net-(R31-Pad1)")
    (add_net "Net-(R32-Pad1)")
    (add_net "Net-(R33-Pad1)")
    (add_net "Net-(R34-Pad1)")
    (add_net "Net-(R35-Pad1)")
    (add_net "Net-(R36-Pad1)")
    (add_net "Net-(R37-Pad1)")
    (add_net "Net-(R38-Pad1)")
    (add_net "Net-(R39-Pad1)")
    (add_net "Net-(R4-Pad1)")
    (add_net "Net-(R40-Pad1)")
    (add_net "Net-(R5-Pad1)")
    (add_net "Net-(R6-Pad1)")
    (add_net "Net-(R7-Pad1)")
    (add_net "Net-(R8-Pad1)")
    (add_net "Net-(R9-Pad1)")
    (add_net "Net-(U1-Pad10)")
    (add_net "Net-(U1-Pad11)")
    (add_net "Net-(U1-Pad7)")
    (add_net "Net-(U1-Pad9)")
    (add_net "Net-(U10-Pad11)")
    (add_net "Net-(U11-Pad4)")
    (add_net "Net-(U3-Pad4)")
    (add_net "Net-(U5-Pad4)")
    (add_net "Net-(U7-Pad4)")
  )

  (net_class Power ""
    (clearance 0.1524)
    (trace_width 0.254)
    (via_dia 0.8)
    (via_drill 0.4)
    (uvia_dia 0.3)
    (uvia_drill 0.1)
  )

  (module Capacitor_SMD:C_0805_2012Metric_Pad1.15x1.40mm_HandSolder (layer B.Cu) (tedit 5B36C52B) (tstamp 5D7AB7F6)
    (at 413.385 120.659 90)
    (descr "Capacitor SMD 0805 (2012 Metric), square (rectangular) end terminal, IPC_7351 nominal with elongated pad for handsoldering. (Body size source: https://docs.google.com/spreadsheets/d/1BsfQQcO9C6DZCsRaXUlFlo91Tg2WpOkGARC1WS5S8t0/edit?usp=sharing), generated with kicad-footprint-generator")
    (tags "capacitor handsolder")
    (path /5CC38618/5CC30FCE)
    (attr smd)
    (fp_text reference C7 (at 0.009 -2.54 180) (layer B.SilkS)
      (effects (font (size 1 0.83) (thickness 0.15)) (justify mirror))
    )
    (fp_text value 100nF (at 0 -1.65 90) (layer B.Fab)
      (effects (font (size 1 1) (thickness 0.15)) (justify mirror))
    )
    (fp_line (start -1 -0.6) (end -1 0.6) (layer B.Fab) (width 0.1))
    (fp_line (start -1 0.6) (end 1 0.6) (layer B.Fab) (width 0.1))
    (fp_line (start 1 0.6) (end 1 -0.6) (layer B.Fab) (width 0.1))
    (fp_line (start 1 -0.6) (end -1 -0.6) (layer B.Fab) (width 0.1))
    (fp_line (start -0.261252 0.71) (end 0.261252 0.71) (layer B.SilkS) (width 0.12))
    (fp_line (start -0.261252 -0.71) (end 0.261252 -0.71) (layer B.SilkS) (width 0.12))
    (fp_line (start -1.85 -0.95) (end -1.85 0.95) (layer B.CrtYd) (width 0.05))
    (fp_line (start -1.85 0.95) (end 1.85 0.95) (layer B.CrtYd) (width 0.05))
    (fp_line (start 1.85 0.95) (end 1.85 -0.95) (layer B.CrtYd) (width 0.05))
    (fp_line (start 1.85 -0.95) (end -1.85 -0.95) (layer B.CrtYd) (width 0.05))
    (fp_text user %R (at 0 0 90) (layer B.Fab)
      (effects (font (size 1 0.83) (thickness 0.15)) (justify mirror))
    )
    (pad 1 smd roundrect (at -1.025 0 90) (size 1.15 1.4) (layers B.Cu B.Paste B.Mask) (roundrect_rratio 0.217391)
      (net 1 GND))
    (pad 2 smd roundrect (at 1.025 0 90) (size 1.15 1.4) (layers B.Cu B.Paste B.Mask) (roundrect_rratio 0.217391)
      (net 2 +5V))
    (model ${KISYS3DMOD}/Capacitor_SMD.3dshapes/C_0805_2012Metric.wrl
      (at (xyz 0 0 0))
      (scale (xyz 1 1 1))
      (rotate (xyz 0 0 0))
    )
  )

  (module Resistor_SMD:R_0805_2012Metric_Pad1.15x1.40mm_HandSolder (layer F.Cu) (tedit 5B36C501) (tstamp 5D7AB7C6)
    (at 429.26 119.634)
    (descr "Resistor SMD 0805 (2012 Metric), square (rectangular) end terminal, IPC_7351 nominal with elongated pad for handsoldering. (Body size source: https://docs.google.com/spreadsheets/d/1BsfQQcO9C6DZCsRaXUlFlo91Tg2WpOkGARC1WS5S8t0/edit?usp=sharing), generated with kicad-footprint-generator")
    (tags "resistor handsolder")
    (path /5CC38618/5CC3101C)
    (attr smd)
    (fp_text reference R14 (at 0.009 2.032) (layer F.SilkS)
      (effects (font (size 1 0.83) (thickness 0.15)))
    )
    (fp_text value 330Ω (at 0 1.65) (layer F.Fab)
      (effects (font (size 1 1) (thickness 0.15)))
    )
    (fp_text user %R (at 0 0) (layer F.Fab)
      (effects (font (size 1 0.83) (thickness 0.15)))
    )
    (fp_line (start 1.85 0.95) (end -1.85 0.95) (layer F.CrtYd) (width 0.05))
    (fp_line (start 1.85 -0.95) (end 1.85 0.95) (layer F.CrtYd) (width 0.05))
    (fp_line (start -1.85 -0.95) (end 1.85 -0.95) (layer F.CrtYd) (width 0.05))
    (fp_line (start -1.85 0.95) (end -1.85 -0.95) (layer F.CrtYd) (width 0.05))
    (fp_line (start -0.261252 0.71) (end 0.261252 0.71) (layer F.SilkS) (width 0.12))
    (fp_line (start -0.261252 -0.71) (end 0.261252 -0.71) (layer F.SilkS) (width 0.12))
    (fp_line (start 1 0.6) (end -1 0.6) (layer F.Fab) (width 0.1))
    (fp_line (start 1 -0.6) (end 1 0.6) (layer F.Fab) (width 0.1))
    (fp_line (start -1 -0.6) (end 1 -0.6) (layer F.Fab) (width 0.1))
    (fp_line (start -1 0.6) (end -1 -0.6) (layer F.Fab) (width 0.1))
    (pad 2 smd roundrect (at 1.025 0) (size 1.15 1.4) (layers F.Cu F.Paste F.Mask) (roundrect_rratio 0.217391)
      (net 34 "Net-(LED14-Pad2)"))
    (pad 1 smd roundrect (at -1.025 0) (size 1.15 1.4) (layers F.Cu F.Paste F.Mask) (roundrect_rratio 0.217391)
      (net 74 "Net-(R14-Pad1)"))
    (model ${KISYS3DMOD}/Resistor_SMD.3dshapes/R_0805_2012Metric.wrl
      (at (xyz 0 0 0))
      (scale (xyz 1 1 1))
      (rotate (xyz 0 0 0))
    )
  )

  (module Capacitor_SMD:C_0805_2012Metric_Pad1.15x1.40mm_HandSolder (layer B.Cu) (tedit 5B36C52B) (tstamp 5D7AB796)
    (at 384.302 110.998 90)
    (descr "Capacitor SMD 0805 (2012 Metric), square (rectangular) end terminal, IPC_7351 nominal with elongated pad for handsoldering. (Body size source: https://docs.google.com/spreadsheets/d/1BsfQQcO9C6DZCsRaXUlFlo91Tg2WpOkGARC1WS5S8t0/edit?usp=sharing), generated with kicad-footprint-generator")
    (tags "capacitor handsolder")
    (path /5D1F63F8)
    (attr smd)
    (fp_text reference C1 (at 0 -2.921 180) (layer B.SilkS)
      (effects (font (size 1 0.83) (thickness 0.15)) (justify mirror))
    )
    (fp_text value 100nF (at 0 -1.65 90) (layer B.Fab)
      (effects (font (size 1 1) (thickness 0.15)) (justify mirror))
    )
    (fp_line (start -1 -0.6) (end -1 0.6) (layer B.Fab) (width 0.1))
    (fp_line (start -1 0.6) (end 1 0.6) (layer B.Fab) (width 0.1))
    (fp_line (start 1 0.6) (end 1 -0.6) (layer B.Fab) (width 0.1))
    (fp_line (start 1 -0.6) (end -1 -0.6) (layer B.Fab) (width 0.1))
    (fp_line (start -0.261252 0.71) (end 0.261252 0.71) (layer B.SilkS) (width 0.12))
    (fp_line (start -0.261252 -0.71) (end 0.261252 -0.71) (layer B.SilkS) (width 0.12))
    (fp_line (start -1.85 -0.95) (end -1.85 0.95) (layer B.CrtYd) (width 0.05))
    (fp_line (start -1.85 0.95) (end 1.85 0.95) (layer B.CrtYd) (width 0.05))
    (fp_line (start 1.85 0.95) (end 1.85 -0.95) (layer B.CrtYd) (width 0.05))
    (fp_line (start 1.85 -0.95) (end -1.85 -0.95) (layer B.CrtYd) (width 0.05))
    (fp_text user %R (at 0 0 90) (layer B.Fab)
      (effects (font (size 1 0.83) (thickness 0.15)) (justify mirror))
    )
    (pad 1 smd roundrect (at -1.025 0 90) (size 1.15 1.4) (layers B.Cu B.Paste B.Mask) (roundrect_rratio 0.217391)
      (net 2 +5V))
    (pad 2 smd roundrect (at 1.025 0 90) (size 1.15 1.4) (layers B.Cu B.Paste B.Mask) (roundrect_rratio 0.217391)
      (net 1 GND))
    (model ${KISYS3DMOD}/Capacitor_SMD.3dshapes/C_0805_2012Metric.wrl
      (at (xyz 0 0 0))
      (scale (xyz 1 1 1))
      (rotate (xyz 0 0 0))
    )
  )

  (module Resistor_SMD:R_0805_2012Metric_Pad1.15x1.40mm_HandSolder (layer F.Cu) (tedit 5B36C501) (tstamp 5D7AB766)
    (at 454.66 68.834)
    (descr "Resistor SMD 0805 (2012 Metric), square (rectangular) end terminal, IPC_7351 nominal with elongated pad for handsoldering. (Body size source: https://docs.google.com/spreadsheets/d/1BsfQQcO9C6DZCsRaXUlFlo91Tg2WpOkGARC1WS5S8t0/edit?usp=sharing), generated with kicad-footprint-generator")
    (tags "resistor handsolder")
    (path /5CC382A2/5CC31004)
    (attr smd)
    (fp_text reference R32 (at 0.009 2.032) (layer F.SilkS)
      (effects (font (size 1 0.83) (thickness 0.15)))
    )
    (fp_text value 330Ω (at 0 1.65) (layer F.Fab)
      (effects (font (size 1 1) (thickness 0.15)))
    )
    (fp_text user %R (at 0 0) (layer F.Fab)
      (effects (font (size 1 0.83) (thickness 0.15)))
    )
    (fp_line (start 1.85 0.95) (end -1.85 0.95) (layer F.CrtYd) (width 0.05))
    (fp_line (start 1.85 -0.95) (end 1.85 0.95) (layer F.CrtYd) (width 0.05))
    (fp_line (start -1.85 -0.95) (end 1.85 -0.95) (layer F.CrtYd) (width 0.05))
    (fp_line (start -1.85 0.95) (end -1.85 -0.95) (layer F.CrtYd) (width 0.05))
    (fp_line (start -0.261252 0.71) (end 0.261252 0.71) (layer F.SilkS) (width 0.12))
    (fp_line (start -0.261252 -0.71) (end 0.261252 -0.71) (layer F.SilkS) (width 0.12))
    (fp_line (start 1 0.6) (end -1 0.6) (layer F.Fab) (width 0.1))
    (fp_line (start 1 -0.6) (end 1 0.6) (layer F.Fab) (width 0.1))
    (fp_line (start -1 -0.6) (end 1 -0.6) (layer F.Fab) (width 0.1))
    (fp_line (start -1 0.6) (end -1 -0.6) (layer F.Fab) (width 0.1))
    (pad 2 smd roundrect (at 1.025 0) (size 1.15 1.4) (layers F.Cu F.Paste F.Mask) (roundrect_rratio 0.217391)
      (net 52 "Net-(LED32-Pad2)"))
    (pad 1 smd roundrect (at -1.025 0) (size 1.15 1.4) (layers F.Cu F.Paste F.Mask) (roundrect_rratio 0.217391)
      (net 92 "Net-(R32-Pad1)"))
    (model ${KISYS3DMOD}/Resistor_SMD.3dshapes/R_0805_2012Metric.wrl
      (at (xyz 0 0 0))
      (scale (xyz 1 1 1))
      (rotate (xyz 0 0 0))
    )
  )

  (module alexios:SOT-23-5_HandSoldering (layer B.Cu) (tedit 5D455491) (tstamp 5D7AB724)
    (at 431.8 153.147 90)
    (descr "5-pin SOT23 package")
    (tags "SOT-23-5 hand-soldering")
    (path /5CC02B94/5EC51DBC)
    (attr smd)
    (fp_text reference U3 (at -2.555 -2.667 180) (layer B.SilkS)
      (effects (font (size 1 0.83) (thickness 0.15)) (justify mirror))
    )
    (fp_text value 74LVC1G00 (at 1.35 -3.85 90) (layer B.Fab)
      (effects (font (size 1 1) (thickness 0.15)) (justify mirror))
    )
    (fp_text user %R (at 1.35 -0.95 180) (layer B.Fab)
      (effects (font (size 1 0.83) (thickness 0.15)) (justify mirror))
    )
    (fp_line (start 0.45 -2.56) (end 2.25 -2.56) (layer B.SilkS) (width 0.12))
    (fp_line (start 0.45 -0.05) (end 1.1 0.6) (layer B.Fab) (width 0.1))
    (fp_line (start 2.25 0.6) (end 1.1 0.6) (layer B.Fab) (width 0.1))
    (fp_line (start 0.45 -0.05) (end 0.45 -2.5) (layer B.Fab) (width 0.1))
    (fp_line (start 2.25 -2.5) (end 0.45 -2.5) (layer B.Fab) (width 0.1))
    (fp_line (start 2.25 0.6) (end 2.25 -2.5) (layer B.Fab) (width 0.1))
    (fp_line (start -1.03 0.85) (end 3.73 0.85) (layer B.CrtYd) (width 0.05))
    (fp_line (start -1.03 0.85) (end -1.03 -2.75) (layer B.CrtYd) (width 0.05))
    (fp_line (start 3.73 -2.75) (end 3.73 0.85) (layer B.CrtYd) (width 0.05))
    (fp_line (start 3.73 -2.75) (end -1.03 -2.75) (layer B.CrtYd) (width 0.05))
    (fp_line (start 0.45 -2.56) (end 0.45 -2.45) (layer B.SilkS) (width 0.12))
    (fp_line (start 2.25 0.66) (end 2.25 0.55) (layer B.SilkS) (width 0.12))
    (fp_line (start 0.45 0.65) (end 0.45 0.55) (layer B.SilkS) (width 0.12))
    (fp_line (start 2.25 -2.56) (end 2.25 -2.45) (layer B.SilkS) (width 0.12))
    (fp_line (start 2.25 0.66) (end 0.45 0.65) (layer B.SilkS) (width 0.12))
    (fp_poly (pts (xy -0.75 1.1) (xy -0.75 0.55) (xy 0.5 0.55) (xy 0.5 1.1)) (layer B.SilkS) (width 0.1))
    (pad 1 smd rect (at 0 0 90) (size 1.56 0.65) (layers B.Cu B.Paste B.Mask)
      (net 123 /~ROW5))
    (pad 2 smd rect (at 0 -0.95 90) (size 1.56 0.65) (layers B.Cu B.Paste B.Mask)
      (net 110 /~LMEN))
    (pad 3 smd rect (at 0 -1.9 90) (size 1.56 0.65) (layers B.Cu B.Paste B.Mask)
      (net 1 GND))
    (pad 4 smd rect (at 2.7 -1.9 90) (size 1.56 0.65) (layers B.Cu B.Paste B.Mask)
      (net 133 "Net-(U3-Pad4)"))
    (pad 5 smd rect (at 2.7 0 90) (size 1.56 0.65) (layers B.Cu B.Paste B.Mask)
      (net 2 +5V))
    (model ${KISYS3DMOD}/Package_TO_SOT_SMD.3dshapes/SOT-23-5.wrl
      (offset (xyz 1.3716 -0.9398 0))
      (scale (xyz 1 1 1))
      (rotate (xyz 0 0 0))
    )
  )

  (module Resistor_SMD:R_0805_2012Metric_Pad1.15x1.40mm_HandSolder (layer F.Cu) (tedit 5B36C501) (tstamp 5D7AB6EB)
    (at 454.66 94.234)
    (descr "Resistor SMD 0805 (2012 Metric), square (rectangular) end terminal, IPC_7351 nominal with elongated pad for handsoldering. (Body size source: https://docs.google.com/spreadsheets/d/1BsfQQcO9C6DZCsRaXUlFlo91Tg2WpOkGARC1WS5S8t0/edit?usp=sharing), generated with kicad-footprint-generator")
    (tags "resistor handsolder")
    (path /5CC382AC/5CC31004)
    (attr smd)
    (fp_text reference R24 (at 0.009 2.032) (layer F.SilkS)
      (effects (font (size 1 0.83) (thickness 0.15)))
    )
    (fp_text value 330Ω (at 0 1.65) (layer F.Fab)
      (effects (font (size 1 1) (thickness 0.15)))
    )
    (fp_text user %R (at 0 0) (layer F.Fab)
      (effects (font (size 1 0.83) (thickness 0.15)))
    )
    (fp_line (start 1.85 0.95) (end -1.85 0.95) (layer F.CrtYd) (width 0.05))
    (fp_line (start 1.85 -0.95) (end 1.85 0.95) (layer F.CrtYd) (width 0.05))
    (fp_line (start -1.85 -0.95) (end 1.85 -0.95) (layer F.CrtYd) (width 0.05))
    (fp_line (start -1.85 0.95) (end -1.85 -0.95) (layer F.CrtYd) (width 0.05))
    (fp_line (start -0.261252 0.71) (end 0.261252 0.71) (layer F.SilkS) (width 0.12))
    (fp_line (start -0.261252 -0.71) (end 0.261252 -0.71) (layer F.SilkS) (width 0.12))
    (fp_line (start 1 0.6) (end -1 0.6) (layer F.Fab) (width 0.1))
    (fp_line (start 1 -0.6) (end 1 0.6) (layer F.Fab) (width 0.1))
    (fp_line (start -1 -0.6) (end 1 -0.6) (layer F.Fab) (width 0.1))
    (fp_line (start -1 0.6) (end -1 -0.6) (layer F.Fab) (width 0.1))
    (pad 2 smd roundrect (at 1.025 0) (size 1.15 1.4) (layers F.Cu F.Paste F.Mask) (roundrect_rratio 0.217391)
      (net 44 "Net-(LED24-Pad2)"))
    (pad 1 smd roundrect (at -1.025 0) (size 1.15 1.4) (layers F.Cu F.Paste F.Mask) (roundrect_rratio 0.217391)
      (net 84 "Net-(R24-Pad1)"))
    (model ${KISYS3DMOD}/Resistor_SMD.3dshapes/R_0805_2012Metric.wrl
      (at (xyz 0 0 0))
      (scale (xyz 1 1 1))
      (rotate (xyz 0 0 0))
    )
  )

  (module Capacitor_SMD:C_0805_2012Metric_Pad1.15x1.40mm_HandSolder (layer B.Cu) (tedit 5B36C52B) (tstamp 5D7AB6BB)
    (at 430.85 97.536)
    (descr "Capacitor SMD 0805 (2012 Metric), square (rectangular) end terminal, IPC_7351 nominal with elongated pad for handsoldering. (Body size source: https://docs.google.com/spreadsheets/d/1BsfQQcO9C6DZCsRaXUlFlo91Tg2WpOkGARC1WS5S8t0/edit?usp=sharing), generated with kicad-footprint-generator")
    (tags "capacitor handsolder")
    (path /5CC382AC/5EC3F737)
    (attr smd)
    (fp_text reference C8 (at -0.066 -1.905) (layer B.SilkS)
      (effects (font (size 1 0.83) (thickness 0.15)) (justify mirror))
    )
    (fp_text value 100nF (at 0 -1.65) (layer B.Fab)
      (effects (font (size 1 1) (thickness 0.15)) (justify mirror))
    )
    (fp_line (start -1 -0.6) (end -1 0.6) (layer B.Fab) (width 0.1))
    (fp_line (start -1 0.6) (end 1 0.6) (layer B.Fab) (width 0.1))
    (fp_line (start 1 0.6) (end 1 -0.6) (layer B.Fab) (width 0.1))
    (fp_line (start 1 -0.6) (end -1 -0.6) (layer B.Fab) (width 0.1))
    (fp_line (start -0.261252 0.71) (end 0.261252 0.71) (layer B.SilkS) (width 0.12))
    (fp_line (start -0.261252 -0.71) (end 0.261252 -0.71) (layer B.SilkS) (width 0.12))
    (fp_line (start -1.85 -0.95) (end -1.85 0.95) (layer B.CrtYd) (width 0.05))
    (fp_line (start -1.85 0.95) (end 1.85 0.95) (layer B.CrtYd) (width 0.05))
    (fp_line (start 1.85 0.95) (end 1.85 -0.95) (layer B.CrtYd) (width 0.05))
    (fp_line (start 1.85 -0.95) (end -1.85 -0.95) (layer B.CrtYd) (width 0.05))
    (fp_text user %R (at 0 0) (layer B.Fab)
      (effects (font (size 1 0.83) (thickness 0.15)) (justify mirror))
    )
    (pad 1 smd roundrect (at -1.025 0) (size 1.15 1.4) (layers B.Cu B.Paste B.Mask) (roundrect_rratio 0.217391)
      (net 1 GND))
    (pad 2 smd roundrect (at 1.025 0) (size 1.15 1.4) (layers B.Cu B.Paste B.Mask) (roundrect_rratio 0.217391)
      (net 2 +5V))
    (model ${KISYS3DMOD}/Capacitor_SMD.3dshapes/C_0805_2012Metric.wrl
      (at (xyz 0 0 0))
      (scale (xyz 1 1 1))
      (rotate (xyz 0 0 0))
    )
  )

  (module Resistor_SMD:R_0805_2012Metric_Pad1.15x1.40mm_HandSolder (layer F.Cu) (tedit 5B36C501) (tstamp 5D7AB68B)
    (at 416.56 119.634)
    (descr "Resistor SMD 0805 (2012 Metric), square (rectangular) end terminal, IPC_7351 nominal with elongated pad for handsoldering. (Body size source: https://docs.google.com/spreadsheets/d/1BsfQQcO9C6DZCsRaXUlFlo91Tg2WpOkGARC1WS5S8t0/edit?usp=sharing), generated with kicad-footprint-generator")
    (tags "resistor handsolder")
    (path /5CC38618/5CC31028)
    (attr smd)
    (fp_text reference R13 (at 0.009 2.032) (layer F.SilkS)
      (effects (font (size 1 0.83) (thickness 0.15)))
    )
    (fp_text value 330Ω (at 0 1.65) (layer F.Fab)
      (effects (font (size 1 1) (thickness 0.15)))
    )
    (fp_text user %R (at 0 0) (layer F.Fab)
      (effects (font (size 1 0.83) (thickness 0.15)))
    )
    (fp_line (start 1.85 0.95) (end -1.85 0.95) (layer F.CrtYd) (width 0.05))
    (fp_line (start 1.85 -0.95) (end 1.85 0.95) (layer F.CrtYd) (width 0.05))
    (fp_line (start -1.85 -0.95) (end 1.85 -0.95) (layer F.CrtYd) (width 0.05))
    (fp_line (start -1.85 0.95) (end -1.85 -0.95) (layer F.CrtYd) (width 0.05))
    (fp_line (start -0.261252 0.71) (end 0.261252 0.71) (layer F.SilkS) (width 0.12))
    (fp_line (start -0.261252 -0.71) (end 0.261252 -0.71) (layer F.SilkS) (width 0.12))
    (fp_line (start 1 0.6) (end -1 0.6) (layer F.Fab) (width 0.1))
    (fp_line (start 1 -0.6) (end 1 0.6) (layer F.Fab) (width 0.1))
    (fp_line (start -1 -0.6) (end 1 -0.6) (layer F.Fab) (width 0.1))
    (fp_line (start -1 0.6) (end -1 -0.6) (layer F.Fab) (width 0.1))
    (pad 2 smd roundrect (at 1.025 0) (size 1.15 1.4) (layers F.Cu F.Paste F.Mask) (roundrect_rratio 0.217391)
      (net 33 "Net-(LED13-Pad2)"))
    (pad 1 smd roundrect (at -1.025 0) (size 1.15 1.4) (layers F.Cu F.Paste F.Mask) (roundrect_rratio 0.217391)
      (net 73 "Net-(R13-Pad1)"))
    (model ${KISYS3DMOD}/Resistor_SMD.3dshapes/R_0805_2012Metric.wrl
      (at (xyz 0 0 0))
      (scale (xyz 1 1 1))
      (rotate (xyz 0 0 0))
    )
  )

  (module Capacitor_SMD:C_0805_2012Metric_Pad1.15x1.40mm_HandSolder (layer B.Cu) (tedit 5B36C52B) (tstamp 5D7AB65B)
    (at 430.85 115.316)
    (descr "Capacitor SMD 0805 (2012 Metric), square (rectangular) end terminal, IPC_7351 nominal with elongated pad for handsoldering. (Body size source: https://docs.google.com/spreadsheets/d/1BsfQQcO9C6DZCsRaXUlFlo91Tg2WpOkGARC1WS5S8t0/edit?usp=sharing), generated with kicad-footprint-generator")
    (tags "capacitor handsolder")
    (path /5CC38618/5EC3F737)
    (attr smd)
    (fp_text reference C6 (at 0 -2.032) (layer B.SilkS)
      (effects (font (size 1 0.83) (thickness 0.15)) (justify mirror))
    )
    (fp_text value 100nF (at 0 -1.65) (layer B.Fab)
      (effects (font (size 1 1) (thickness 0.15)) (justify mirror))
    )
    (fp_line (start -1 -0.6) (end -1 0.6) (layer B.Fab) (width 0.1))
    (fp_line (start -1 0.6) (end 1 0.6) (layer B.Fab) (width 0.1))
    (fp_line (start 1 0.6) (end 1 -0.6) (layer B.Fab) (width 0.1))
    (fp_line (start 1 -0.6) (end -1 -0.6) (layer B.Fab) (width 0.1))
    (fp_line (start -0.261252 0.71) (end 0.261252 0.71) (layer B.SilkS) (width 0.12))
    (fp_line (start -0.261252 -0.71) (end 0.261252 -0.71) (layer B.SilkS) (width 0.12))
    (fp_line (start -1.85 -0.95) (end -1.85 0.95) (layer B.CrtYd) (width 0.05))
    (fp_line (start -1.85 0.95) (end 1.85 0.95) (layer B.CrtYd) (width 0.05))
    (fp_line (start 1.85 0.95) (end 1.85 -0.95) (layer B.CrtYd) (width 0.05))
    (fp_line (start 1.85 -0.95) (end -1.85 -0.95) (layer B.CrtYd) (width 0.05))
    (fp_text user %R (at 0 0) (layer B.Fab)
      (effects (font (size 1 0.83) (thickness 0.15)) (justify mirror))
    )
    (pad 1 smd roundrect (at -1.025 0) (size 1.15 1.4) (layers B.Cu B.Paste B.Mask) (roundrect_rratio 0.217391)
      (net 1 GND))
    (pad 2 smd roundrect (at 1.025 0) (size 1.15 1.4) (layers B.Cu B.Paste B.Mask) (roundrect_rratio 0.217391)
      (net 2 +5V))
    (model ${KISYS3DMOD}/Capacitor_SMD.3dshapes/C_0805_2012Metric.wrl
      (at (xyz 0 0 0))
      (scale (xyz 1 1 1))
      (rotate (xyz 0 0 0))
    )
  )

  (module Resistor_SMD:R_0805_2012Metric_Pad1.15x1.40mm_HandSolder (layer F.Cu) (tedit 5B36C501) (tstamp 5D7AB62B)
    (at 416.56 94.234)
    (descr "Resistor SMD 0805 (2012 Metric), square (rectangular) end terminal, IPC_7351 nominal with elongated pad for handsoldering. (Body size source: https://docs.google.com/spreadsheets/d/1BsfQQcO9C6DZCsRaXUlFlo91Tg2WpOkGARC1WS5S8t0/edit?usp=sharing), generated with kicad-footprint-generator")
    (tags "resistor handsolder")
    (path /5CC382AC/5CC31028)
    (attr smd)
    (fp_text reference R21 (at 0.009 2.032) (layer F.SilkS)
      (effects (font (size 1 0.83) (thickness 0.15)))
    )
    (fp_text value 330Ω (at 0 1.65) (layer F.Fab)
      (effects (font (size 1 1) (thickness 0.15)))
    )
    (fp_text user %R (at 0 0) (layer F.Fab)
      (effects (font (size 1 0.83) (thickness 0.15)))
    )
    (fp_line (start 1.85 0.95) (end -1.85 0.95) (layer F.CrtYd) (width 0.05))
    (fp_line (start 1.85 -0.95) (end 1.85 0.95) (layer F.CrtYd) (width 0.05))
    (fp_line (start -1.85 -0.95) (end 1.85 -0.95) (layer F.CrtYd) (width 0.05))
    (fp_line (start -1.85 0.95) (end -1.85 -0.95) (layer F.CrtYd) (width 0.05))
    (fp_line (start -0.261252 0.71) (end 0.261252 0.71) (layer F.SilkS) (width 0.12))
    (fp_line (start -0.261252 -0.71) (end 0.261252 -0.71) (layer F.SilkS) (width 0.12))
    (fp_line (start 1 0.6) (end -1 0.6) (layer F.Fab) (width 0.1))
    (fp_line (start 1 -0.6) (end 1 0.6) (layer F.Fab) (width 0.1))
    (fp_line (start -1 -0.6) (end 1 -0.6) (layer F.Fab) (width 0.1))
    (fp_line (start -1 0.6) (end -1 -0.6) (layer F.Fab) (width 0.1))
    (pad 2 smd roundrect (at 1.025 0) (size 1.15 1.4) (layers F.Cu F.Paste F.Mask) (roundrect_rratio 0.217391)
      (net 41 "Net-(LED21-Pad2)"))
    (pad 1 smd roundrect (at -1.025 0) (size 1.15 1.4) (layers F.Cu F.Paste F.Mask) (roundrect_rratio 0.217391)
      (net 81 "Net-(R21-Pad1)"))
    (model ${KISYS3DMOD}/Resistor_SMD.3dshapes/R_0805_2012Metric.wrl
      (at (xyz 0 0 0))
      (scale (xyz 1 1 1))
      (rotate (xyz 0 0 0))
    )
  )

  (module Resistor_SMD:R_0805_2012Metric_Pad1.15x1.40mm_HandSolder (layer F.Cu) (tedit 5B36C501) (tstamp 5D7AB5FB)
    (at 403.86 68.834)
    (descr "Resistor SMD 0805 (2012 Metric), square (rectangular) end terminal, IPC_7351 nominal with elongated pad for handsoldering. (Body size source: https://docs.google.com/spreadsheets/d/1BsfQQcO9C6DZCsRaXUlFlo91Tg2WpOkGARC1WS5S8t0/edit?usp=sharing), generated with kicad-footprint-generator")
    (tags "resistor handsolder")
    (path /5CC382A2/5CC31034)
    (attr smd)
    (fp_text reference R28 (at 0.009 2.032) (layer F.SilkS)
      (effects (font (size 1 0.83) (thickness 0.15)))
    )
    (fp_text value 330Ω (at 0 1.65) (layer F.Fab)
      (effects (font (size 1 1) (thickness 0.15)))
    )
    (fp_text user %R (at 0 0) (layer F.Fab)
      (effects (font (size 1 0.83) (thickness 0.15)))
    )
    (fp_line (start 1.85 0.95) (end -1.85 0.95) (layer F.CrtYd) (width 0.05))
    (fp_line (start 1.85 -0.95) (end 1.85 0.95) (layer F.CrtYd) (width 0.05))
    (fp_line (start -1.85 -0.95) (end 1.85 -0.95) (layer F.CrtYd) (width 0.05))
    (fp_line (start -1.85 0.95) (end -1.85 -0.95) (layer F.CrtYd) (width 0.05))
    (fp_line (start -0.261252 0.71) (end 0.261252 0.71) (layer F.SilkS) (width 0.12))
    (fp_line (start -0.261252 -0.71) (end 0.261252 -0.71) (layer F.SilkS) (width 0.12))
    (fp_line (start 1 0.6) (end -1 0.6) (layer F.Fab) (width 0.1))
    (fp_line (start 1 -0.6) (end 1 0.6) (layer F.Fab) (width 0.1))
    (fp_line (start -1 -0.6) (end 1 -0.6) (layer F.Fab) (width 0.1))
    (fp_line (start -1 0.6) (end -1 -0.6) (layer F.Fab) (width 0.1))
    (pad 2 smd roundrect (at 1.025 0) (size 1.15 1.4) (layers F.Cu F.Paste F.Mask) (roundrect_rratio 0.217391)
      (net 48 "Net-(LED28-Pad2)"))
    (pad 1 smd roundrect (at -1.025 0) (size 1.15 1.4) (layers F.Cu F.Paste F.Mask) (roundrect_rratio 0.217391)
      (net 88 "Net-(R28-Pad1)"))
    (model ${KISYS3DMOD}/Resistor_SMD.3dshapes/R_0805_2012Metric.wrl
      (at (xyz 0 0 0))
      (scale (xyz 1 1 1))
      (rotate (xyz 0 0 0))
    )
  )

  (module Jumper:SolderJumper-2_P1.3mm_Open_Pad1.0x1.5mm (layer B.Cu) (tedit 5A3EABFC) (tstamp 5D7AB5CE)
    (at 388.62 117.094 270)
    (descr "SMD Solder Jumper, 1x1.5mm Pads, 0.3mm gap, open")
    (tags "solder jumper open")
    (path /5DA8922C)
    (attr virtual)
    (fp_text reference JP2 (at 2.794 0) (layer B.SilkS)
      (effects (font (size 1 0.83) (thickness 0.15)) (justify mirror))
    )
    (fp_text value SolderJumper_2_Open (at 0 -1.9 90) (layer B.Fab)
      (effects (font (size 1 1) (thickness 0.15)) (justify mirror))
    )
    (fp_line (start 1.65 -1.25) (end -1.65 -1.25) (layer B.CrtYd) (width 0.05))
    (fp_line (start 1.65 -1.25) (end 1.65 1.25) (layer B.CrtYd) (width 0.05))
    (fp_line (start -1.65 1.25) (end -1.65 -1.25) (layer B.CrtYd) (width 0.05))
    (fp_line (start -1.65 1.25) (end 1.65 1.25) (layer B.CrtYd) (width 0.05))
    (fp_line (start -1.4 1) (end 1.4 1) (layer B.SilkS) (width 0.12))
    (fp_line (start 1.4 1) (end 1.4 -1) (layer B.SilkS) (width 0.12))
    (fp_line (start 1.4 -1) (end -1.4 -1) (layer B.SilkS) (width 0.12))
    (fp_line (start -1.4 -1) (end -1.4 1) (layer B.SilkS) (width 0.12))
    (pad 1 smd rect (at -0.65 0 270) (size 1 1.5) (layers B.Cu B.Mask)
      (net 111 /~LMEN1))
    (pad 2 smd rect (at 0.65 0 270) (size 1 1.5) (layers B.Cu B.Mask)
      (net 110 /~LMEN))
  )

  (module Jumper:SolderJumper-2_P1.3mm_Open_Pad1.0x1.5mm (layer B.Cu) (tedit 5A3EABFC) (tstamp 5D7AB5A7)
    (at 385.953 117.094 270)
    (descr "SMD Solder Jumper, 1x1.5mm Pads, 0.3mm gap, open")
    (tags "solder jumper open")
    (path /5DA88669)
    (attr virtual)
    (fp_text reference JP1 (at 2.794 0 180) (layer B.SilkS)
      (effects (font (size 1 0.83) (thickness 0.15)) (justify mirror))
    )
    (fp_text value SolderJumper_2_Open (at 0 -1.9 90) (layer B.Fab)
      (effects (font (size 1 1) (thickness 0.15)) (justify mirror))
    )
    (fp_line (start 1.65 -1.25) (end -1.65 -1.25) (layer B.CrtYd) (width 0.05))
    (fp_line (start 1.65 -1.25) (end 1.65 1.25) (layer B.CrtYd) (width 0.05))
    (fp_line (start -1.65 1.25) (end -1.65 -1.25) (layer B.CrtYd) (width 0.05))
    (fp_line (start -1.65 1.25) (end 1.65 1.25) (layer B.CrtYd) (width 0.05))
    (fp_line (start -1.4 1) (end 1.4 1) (layer B.SilkS) (width 0.12))
    (fp_line (start 1.4 1) (end 1.4 -1) (layer B.SilkS) (width 0.12))
    (fp_line (start 1.4 -1) (end -1.4 -1) (layer B.SilkS) (width 0.12))
    (fp_line (start -1.4 -1) (end -1.4 1) (layer B.SilkS) (width 0.12))
    (pad 1 smd rect (at -0.65 0 270) (size 1 1.5) (layers B.Cu B.Mask)
      (net 109 /~LMEN0))
    (pad 2 smd rect (at 0.65 0 270) (size 1 1.5) (layers B.Cu B.Mask)
      (net 110 /~LMEN))
  )

  (module Capacitor_SMD:C_0805_2012Metric_Pad1.15x1.40mm_HandSolder (layer B.Cu) (tedit 5D78CC1A) (tstamp 5D7AB57A)
    (at 413.512 52.07 90)
    (descr "Capacitor SMD 0805 (2012 Metric), square (rectangular) end terminal, IPC_7351 nominal with elongated pad for handsoldering. (Body size source: https://docs.google.com/spreadsheets/d/1BsfQQcO9C6DZCsRaXUlFlo91Tg2WpOkGARC1WS5S8t0/edit?usp=sharing), generated with kicad-footprint-generator")
    (tags "capacitor handsolder")
    (path /5CC37D0C/5CC30FCE)
    (attr smd)
    (fp_text reference C13 (at -1.397 -3.175 180) (layer B.SilkS)
      (effects (font (size 1 0.83) (thickness 0.15)) (justify mirror))
    )
    (fp_text value 100nF (at 0 -1.65 90) (layer B.Fab)
      (effects (font (size 1 1) (thickness 0.15)) (justify mirror))
    )
    (fp_line (start -1 -0.6) (end -1 0.6) (layer B.Fab) (width 0.1))
    (fp_line (start -1 0.6) (end 1 0.6) (layer B.Fab) (width 0.1))
    (fp_line (start 1 0.6) (end 1 -0.6) (layer B.Fab) (width 0.1))
    (fp_line (start 1 -0.6) (end -1 -0.6) (layer B.Fab) (width 0.1))
    (fp_line (start -0.261252 0.71) (end 0.261252 0.71) (layer B.SilkS) (width 0.12))
    (fp_line (start -0.261252 -0.71) (end 0.261252 -0.71) (layer B.SilkS) (width 0.12))
    (fp_line (start -1.85 -0.95) (end -1.85 0.95) (layer B.CrtYd) (width 0.05))
    (fp_line (start -1.85 0.95) (end 1.85 0.95) (layer B.CrtYd) (width 0.05))
    (fp_line (start 1.85 0.95) (end 1.85 -0.95) (layer B.CrtYd) (width 0.05))
    (fp_line (start 1.85 -0.95) (end -1.85 -0.95) (layer B.CrtYd) (width 0.05))
    (fp_text user %R (at 0 0 90) (layer B.Fab)
      (effects (font (size 1 0.83) (thickness 0.15)) (justify mirror))
    )
    (pad 1 smd roundrect (at -1.025 0 90) (size 1.15 1.4) (layers B.Cu B.Paste B.Mask) (roundrect_rratio 0.217)
      (net 1 GND) (zone_connect 2))
    (pad 2 smd roundrect (at 1.025 0 90) (size 1.15 1.4) (layers B.Cu B.Paste B.Mask) (roundrect_rratio 0.217391)
      (net 2 +5V))
    (model ${KISYS3DMOD}/Capacitor_SMD.3dshapes/C_0805_2012Metric.wrl
      (at (xyz 0 0 0))
      (scale (xyz 1 1 1))
      (rotate (xyz 0 0 0))
    )
  )

  (module Resistor_SMD:R_0805_2012Metric_Pad1.15x1.40mm_HandSolder (layer F.Cu) (tedit 5B36C501) (tstamp 5D7AB535)
    (at 429.26 145.034)
    (descr "Resistor SMD 0805 (2012 Metric), square (rectangular) end terminal, IPC_7351 nominal with elongated pad for handsoldering. (Body size source: https://docs.google.com/spreadsheets/d/1BsfQQcO9C6DZCsRaXUlFlo91Tg2WpOkGARC1WS5S8t0/edit?usp=sharing), generated with kicad-footprint-generator")
    (tags "resistor handsolder")
    (path /5CC02B94/5CC3101C)
    (attr smd)
    (fp_text reference R6 (at 0.009 2.032) (layer F.SilkS)
      (effects (font (size 1 0.83) (thickness 0.15)))
    )
    (fp_text value 330Ω (at 0 1.65) (layer F.Fab)
      (effects (font (size 1 1) (thickness 0.15)))
    )
    (fp_text user %R (at 0 0) (layer F.Fab)
      (effects (font (size 1 0.83) (thickness 0.15)))
    )
    (fp_line (start 1.85 0.95) (end -1.85 0.95) (layer F.CrtYd) (width 0.05))
    (fp_line (start 1.85 -0.95) (end 1.85 0.95) (layer F.CrtYd) (width 0.05))
    (fp_line (start -1.85 -0.95) (end 1.85 -0.95) (layer F.CrtYd) (width 0.05))
    (fp_line (start -1.85 0.95) (end -1.85 -0.95) (layer F.CrtYd) (width 0.05))
    (fp_line (start -0.261252 0.71) (end 0.261252 0.71) (layer F.SilkS) (width 0.12))
    (fp_line (start -0.261252 -0.71) (end 0.261252 -0.71) (layer F.SilkS) (width 0.12))
    (fp_line (start 1 0.6) (end -1 0.6) (layer F.Fab) (width 0.1))
    (fp_line (start 1 -0.6) (end 1 0.6) (layer F.Fab) (width 0.1))
    (fp_line (start -1 -0.6) (end 1 -0.6) (layer F.Fab) (width 0.1))
    (fp_line (start -1 0.6) (end -1 -0.6) (layer F.Fab) (width 0.1))
    (pad 2 smd roundrect (at 1.025 0) (size 1.15 1.4) (layers F.Cu F.Paste F.Mask) (roundrect_rratio 0.217391)
      (net 26 "Net-(LED6-Pad2)"))
    (pad 1 smd roundrect (at -1.025 0) (size 1.15 1.4) (layers F.Cu F.Paste F.Mask) (roundrect_rratio 0.217391)
